User Knowledge Modeling Dataset
Any Colony Optimization

number of ants: 50
iterations: 258000

NumClusters: 92

NumPerCluster: [12, 3, 1, 6, 5, 6, 1, 8, 11, 6, 5, 3, 4, 1, 3, 7, 4, 7, 2, 1, 2, 6, 4, 2, 6, 2, 2, 4, 7, 3, 5, 2, 4, 4, 3, 4, 2, 1, 1, 3, 2, 1, 5, 4, 3, 1, 1, 2, 1, 1, 3, 5, 1, 1, 1, 2, 1, 2, 1, 1, 1, 1, 2, 3, 1, 2, 1, 1, 1, 3, 5, 3, 1, 1, 4, 1, 1, 2, 1, 1, 1, 2, 1, 4, 2, 3, 1, 1, 2, 1, 1, 1]

Cohesion: 11.98886548896826

Seperation:  21248.530140038427
