Abalone Dataset
Ant-Colony Optimization

number of ants: 50
iterations: 1000000

NumClusters: 328

NumPerCluster: [6, 2, 5, 7, 1, 7, 2, 1, 4, 6, 4, 6, 2, 12, 5, 6, 5, 7, 4, 2, 3, 11, 4, 4, 4, 6, 4, 1, 5, 12, 6, 5, 7, 2, 4, 8, 5, 5, 3, 6, 8, 1, 2, 11, 1, 5, 1, 9, 3, 2, 7, 5, 8, 8, 1, 3, 1, 6, 4, 8, 2, 3, 5, 1, 4, 9, 4, 7, 4, 4, 5, 2, 6, 5, 2, 1, 3, 3, 7, 3, 4, 4, 4, 8, 1, 4, 4, 6, 5, 3, 6, 5, 6, 1, 5, 6, 2, 2, 2, 4, 6, 4, 6, 1, 3, 3, 4, 1, 3, 5, 2, 7, 3, 5, 5, 5, 1, 5, 4, 5, 1, 5, 3, 4, 5, 3, 1, 5, 1, 5, 3, 7, 3, 6, 1, 6, 1, 1, 4, 4, 5, 4, 8, 3, 5, 2, 4, 3, 5, 10, 1, 1, 3, 4, 1, 4, 5, 4, 4, 3, 5, 9, 3, 1, 1, 4, 9, 5, 2, 2, 4, 6, 4, 3, 4, 1, 2, 5, 2, 7, 3, 1, 4, 2, 4, 1, 2, 5, 4, 3, 2, 3, 1, 4, 1, 1, 3, 5, 2, 6, 2, 4, 5, 1, 3, 1, 2, 1, 1, 1, 1, 1, 1, 1, 2, 1, 4, 1, 1, 2, 1, 1, 1, 2, 3, 1, 1, 1, 4, 1, 1, 1, 3, 1, 2, 1, 1, 1, 1, 1, 1, 1, 3, 4, 1, 1, 1, 1, 3, 1, 2, 1, 1, 2, 1, 1, 1, 1, 1, 1, 1, 1, 1, 1, 2, 1, 1, 2, 2, 3, 1, 1, 1, 1, 1, 1, 1, 2, 1, 1, 1, 1, 1, 1, 1, 1, 1, 1, 1, 2, 1, 1, 1, 1, 5, 3, 1, 2, 1, 3, 1, 1, 1, 1, 1, 1, 1, 1, 1, 2, 1, 1, 1, 1, 1, 1, 1, 1, 1, 1, 3, 3, 1, 1, 1, 1, 1, 1]

Cohesion: 18.679197109442917

Seperation:  309478.76201608276
