Ant Colony Optimization
fertility
iterations: 1000000
NumClusters:5
NumPerCluster:[13, 15, 21, 29, 22]
Cohesion:8.534077334066223
Seperation: 6850.969937944997