Balance Scale Dataset
Ant Colony Optimization

number of ants: 50
iterations: 625000

NumClusters: 221

NumPerCluster: [5, 4, 4, 2, 5, 3, 3, 5, 2, 5, 3, 2, 4, 5, 9, 3, 2, 2, 6, 3, 3, 2, 2, 5, 2, 1, 5, 1, 2, 5, 5, 6, 5, 4, 3, 5, 3, 5, 3, 5, 3, 3, 1, 4, 5, 2, 1, 6, 5, 1, 3, 3, 6, 5, 5, 1, 3, 3, 7, 3, 4, 1, 5, 6, 3, 4, 2, 5, 5, 3, 4, 6, 1, 2, 1, 6, 2, 5, 1, 5, 5, 2, 3, 1, 3, 4, 3, 5, 2, 6, 4, 5, 1, 2, 3, 5, 3, 3, 1, 4, 4, 7, 6, 3, 4, 1, 5, 1, 5, 3, 1, 1, 4, 3, 1, 4, 3, 1, 5, 4, 5, 2, 1, 5, 5, 3, 5, 2, 3, 1, 5, 2, 1, 3, 2, 3, 2, 3, 1, 2, 1, 1, 1, 5, 1, 7, 1, 4, 1, 1, 1, 1, 1, 3, 1, 1, 2, 2, 3, 1, 5, 1, 1, 2, 2, 5, 1, 2, 1, 1, 3, 2, 1, 1, 5, 1, 3, 2, 1, 3, 3, 2, 3, 1, 1, 2, 1, 2, 3, 1, 3, 1, 1, 3, 1, 1, 1, 1, 1, 3, 3, 1, 2, 2, 1, 3, 1, 1, 1, 1, 1, 1, 3, 1, 1, 1, 1, 3, 1, 1, 1]

Cohesion: 53.94130373409255

Seperation:  650991.100819449
