Competitive Learning Neural Network
cmc
iterations: 10000

NumClusters:2
NumPerCluster:[92, 1368]
Cohesion:5.896908549273282
Seperation: 573655.0260762422