Competitive Learning Neural Network
user
iterations: 10000

NumClusters:18
NumPerCluster:[1, 3, 2, 9, 1, 22, 12, 1, 1, 20, 8, 1, 13, 16, 23, 27, 45, 53]
Cohesion:3.9854936956098075
Seperation: 19931.205061131466