Fertility Dataset
DB-Scan

Min Points: 2
iterations: 100
Threshold: 0.1

NumClusters: 39

NumPerCluster: [2, 2, 3, 4, 2, 4, 4, 3, 2, 2, 3, 3, 4, 2, 3, 3, 4, 2, 3, 3, 2, 2, 3, 3, 2, 2, 4, 4, 2, 2, 4, 4, 2, 2, 2, 2, 2, 2, 3]

Cohesion: 7.325475692340254

Seperation:  12204.173815430084
