User Knowledge Modeling Dataset
DB-Scan

Min Points: 6
iterations: 258
Threshold: 0.1

NumClusters: 41

NumPerCluster: [9, 8, 7, 8, 7, 10, 9, 7, 6, 7, 6, 8, 6, 13, 6, 7, 6, 7, 6, 6, 6, 12, 9, 9, 6, 7, 9, 8, 8, 6, 6, 6, 6, 9, 6, 7, 7, 9, 6, 6, 6]

Cohesion: 6.152549490136316

Seperation:  20355.00726311659
