Abalone Dataset
K-Means Clustering

K: 29
iterations: 11

NumClusters: 29

NumPerCluster: [35, 30, 35, 32, 60, 35, 48, 24, 29, 7, 51, 31, 48, 51, 41, 28, 33, 21, 37, 51, 23, 38, 30, 41, 22, 25, 29, 43, 22]

Cohesion: 3.326887533515746

Seperation:  308113.378412058