Balance Scale Dataset
K-Means Clustering

K: 63
iterations: 4

NumClusters: 63

NumPerCluster: [10, 15, 10, 20, 5, 5, 10, 10, 15, 15, 15, 10, 5, 15, 10, 5, 20, 15, 10, 5, 10, 25, 20, 15, 10, 10, 10, 10, 15, 5, 10, 10, 10, 5, 5, 5, 5, 5, 5, 10, 10, 10, 10, 10, 10, 10, 10, 10, 10, 10, 20, 15, 0, 0, 10, 5, 15, 5, 10, 5, 5, 5, 5]

Cohesion: 28.964657268057493

Seperation:  630799.470751885
