Contraceptive Method Choice Dataset
K-Means Clustering

K: 65
iterations: 10

NumClusters: 65

NumPerCluster: [40, 44, 15, 27, 21, 24, 16, 40, 27, 20, 18, 19, 10, 31, 26, 35, 13, 11, 65, 31, 25, 22, 18, 25, 18, 27, 5, 36, 25, 25, 25, 18, 24, 20, 18, 20, 21, 16, 38, 15, 13, 10, 21, 29, 14, 14, 24, 19, 20, 19, 25, 36, 18, 32, 13, 8, 22, 5, 25, 32, 11, 20, 14, 20, 22]

Cohesion: 95.62879847499791

Seperation:  4149593.185830631