Fertility Dataset
K-Means Clustering

K: 23
iterations: 5

NumClusters: 23

NumPerCluster: [8, 1, 3, 2, 4, 5, 8, 2, 4, 4, 1, 2, 1, 7, 5, 3, 5, 1, 8, 5, 5, 5, 11]

Cohesion: 10.667317082846665

Seperation:  8472.754755913476
