User Knowledge Modeling Dataset
K-Means Clustering

K: 71
iterations: 8

NumClusters: 71

NumPerCluster: [3, 2, 3, 4, 5, 1, 5, 2, 2, 6, 2, 2, 5, 6, 3, 5, 4, 5, 2, 2, 4, 3, 4, 2, 3, 6, 3, 8, 3, 7, 4, 4, 4, 5, 4, 3, 1, 1, 3, 3, 5, 1, 6, 4, 3, 5, 1, 3, 1, 6, 5, 3, 4, 2, 2, 2, 4, 5, 4, 5, 4, 4, 6, 2, 6, 3, 4, 3, 3, 3, 5]

Cohesion: 11.924704681946743

Seperation:  21275.100603425977
